20 <-  40 [-1,3]  -> 80
10 <-  20 [0,1]  -> 30
. <-  10 [0,0]  -> .
. <-  30 [0,0]  -> .
60 <-  80 [0,2]  -> 90
50 <-  60 [0,1]  -> 70
. <-  50 [0,0]  -> .
. <-  70 [0,0]  -> .
. <-  90 [-1,1]  -> 100
. <-  100 [0,0]  -> .

-------- After removing 80 ----------------
20 <-  40 [-1,3]  -> 90
10 <-  20 [0,1]  -> 30
. <-  10 [0,0]  -> .
. <-  30 [0,0]  -> .
60 <-  90 [1,2]  -> 100
50 <-  60 [0,1]  -> 70
. <-  50 [0,0]  -> .
. <-  70 [0,0]  -> .
. <-  100 [0,0]  -> .
